0 0.26 -0.7699981232647412 
1 0.26 1.7142678253738468 
2 0.26618348508467615 -0.660117620181718 
3 0.2767953153808169 0.42410590491940087 
4 0.26 1.812537038427782 
5 0.25999999999999995 1.5838364973827082 
6 0.27856571651865936 -1.0302950411576477 
7 0.26 -1.1690046467727337 
8 0.26000000000000006 -1.4622920308567744 
9 0.26 1.73616335624933 
10 0.2775580117180826 -1.0449502574309102 
11 0.2726200325780938 -0.6014542720132736 
12 0.2793349370706716 -0.6748538304686567 
13 0.26 -1.810986388275578 
14 0.26000000000000006 -0.9318105387516343 
15 0.28196791948219013 -1.0026181620605719 
16 0.26 0.14576932592130318 
17 0.26 -1.4883343817924122 
18 0.26 -1.225963033194723 
19 0.26 1.8341909063004567 
0 0.432 -0.7532838521061809 
1 0.432 1.7329988538585794 
2 0.4267380532865874 -0.48598830453265807 
3 0.4286194848751311 0.32192531791048257 
4 0.432 1.7945831430201975 
5 0.432 1.602253113620118 
6 0.3967902851115801 -0.7251684590412126 
7 0.432 -1.1602127513524405 
8 0.432 -1.4513428837898565 
9 0.43199999999999994 1.761895577159545 
10 0.44103352944154034 -0.9520618431059532 
11 0.4257639952467111 -0.5344747010594023 
12 0.4077609862267532 -0.491998220944769 
13 0.432 -1.8049580705453503 
14 0.432 -0.9075356797654801 
15 0.43541627126155663 -0.8662866456901602 
16 0.432 0.16634586765361017 
17 0.432 -1.464770499525603 
18 0.432 -1.2680087617504847 
19 0.432 1.8725672286090347 
0 0.1 -0.7345211983664942 
1 0.1 1.7529666235444974 
2 0.0931098788131026 -0.3929541864297874 
3 0.09535081141221845 0.2218942633303879 
4 0.1 1.785451353629916 
5 0.1 1.6219282342452759 
6 0.08053585880421414 -0.48496760373331727 
7 0.1 -1.1483900917558756 
8 0.1 -1.4368316694015018 
9 0.1 1.7886184138169563 
10 0.09787205670707595 -0.8672621760000876 
11 0.09304095451672226 -0.47355121200342687 
12 0.08487601637759531 -0.35401044802161086 
13 0.10000000000000002 -1.797412499601655 
14 0.1 -0.8794074049652502 
15 0.09412801686389738 -0.7442435368012182 
16 0.1 0.18902167141572157 
17 0.1 -1.4384958647816815 
18 0.1 -1.3071847923552042 
19 0.1 1.877740612306446 
0 0.12467339255317256 -2.05851138431555 
1 0.09200000000000001 1.7690710593965644 
2 0.08081666599230827 -0.30386400713108896 
3 0.08541678142919798 0.12699372143958643 
4 0.092 1.7715030786154866 
5 0.092 1.6372664265928716 
6 0.06668630318465628 -0.30033771931609804 
7 0.09200000000000001 -1.1402598246123727 
8 0.092 -1.425581497416814 
9 0.09200000000000001 1.8113122592796003 
10 0.08642950061350034 -0.7873923022484464 
11 0.08098820818856825 -0.4156578506242738 
12 0.07159260770925506 -0.2473045066576187 
13 0.092 -1.7935737656430046 
14 0.092 -0.8538714619049639 
15 0.08171699941542858 -0.6451219782620428 
16 0.092 0.20708572082728724 
17 0.09199999999999998 -1.4153476604991255 
18 0.092 -1.3486099741712456 
19 0.09200000000000001 1.8968812473711747 
0 0.07632569963810529 -1.9233593851243558 
1 0.06 1.7869877221376533 
2 0.04979155021699736 -0.21881192223673795 
3 0.05470472021047616 0.037846560441085954 
4 0.06 1.7582455127795338 
5 0.05999999999999999 1.6536308337991867 
6 0.040007133053142074 -0.1540564194715536 
7 0.06 -1.1302525335826927 
8 0.060000000000000005 -1.4116176627132972 
9 0.06 1.8346311762809961 
10 0.05418552611090387 -0.712388282241288 
11 0.05010862404159479 -0.36095220737676503 
12 0.04346261908682369 -0.16141534760203033 
13 0.06 -1.7879632841113942 
14 0.060000000000000005 -0.8252250003083411 
15 0.05067326124018326 -0.5613417539481859 
16 0.05999999999999999 0.227461997259506 
17 0.060000000000000005 -1.3898004560518178 
18 0.060000000000000005 -1.3866382594491677 
19 0.060000000000000005 1.9284696915319026 
0 0.07120840646684892 -1.768974375291166 
1 0.06 1.8137205496835955 
2 0.047050180565550624 -0.11870199487898303 
3 0.05397999422294943 -0.04434093665225206 
4 0.060000000000000005 1.7051861931825876 
5 0.06 1.6808835519372611 
6 0.03794819078959706 -0.0601768946358238 
7 0.06 -1.0909448733816753 
8 0.06 -1.3641873747695856 
9 0.06 1.854109613362618 
10 0.05205276512669739 -0.6335046160189319 
11 0.047923511775623436 -0.3113204597190378 
12 0.04181942205526206 -0.12690780821632763 
13 0.06 -1.7682967254774276 
14 0.060000000000000005 -0.7632589479693109 
15 0.04897080893480844 -0.5053986031774282 
16 0.060000000000000005 0.28341796540741065 
17 0.06 -1.3394848581837266 
18 0.06 -1.4262464170222071 
19 0.060000000000000005 1.975815394655965 
0 0.19075118124413473 -1.6232762725536378 
1 0.172 1.8385626221764522 
2 0.12789977294875884 -0.024591093373770117 
3 0.15340791485401586 -0.12031656582998489 
4 0.172 1.6450559184175886 
5 0.17199999999999996 1.7099710278131048 
6 0.10449774636274817 0.016173883242194265 
7 0.172 -1.0498984017145172 
8 0.172 -1.3115080413006865 
9 0.172 1.8651440343171355 
10 0.1436182602988291 -0.5599273895529581 
11 0.13176101561816053 -0.26461713397686604 
12 0.11619356120961503 -0.09786999831195253 
13 0.172 -1.745828437945529 
14 0.172 -0.6975749848828509 
15 0.13619459751404 -0.4559852324389955 
16 0.172 0.34333109989656646 
17 0.172 -1.2865388323972073 
18 0.172 -1.45937479621612 
19 0.172 2.027647940099935 
0 0.0665173826140888 -1.4876251294104617 
1 0.064 1.8606909538161756 
2 0.04532089609712203 0.06361205700967754 
3 0.05687495974327968 -0.19148846643780348 
4 0.064 1.5777030056975656 
5 0.064 1.7406381379615417 
6 0.037699503444728534 0.07990586859467803 
7 0.06399999999999999 -1.0071371822338084 
8 0.064 -1.253640204586296 
9 0.064 1.8658859756009596 
10 0.05156091739489545 -0.49218403651506887 
11 0.047194339678422764 -0.22158995048913524 
12 0.04214507290852357 -0.07256985311920483 
13 0.064 -1.7174961361765295 
14 0.064 -0.6294744399728935 
15 0.04927413789077717 -0.4098344246438457 
16 0.064 0.40645974677903557 
17 0.064 -1.2313797200781895 
18 0.064 -1.4863152265252495 
19 0.06400000000000002 2.0968900552713934 
0 0.04800000000000001 -1.3922556345345327 
1 0.047999999999999994 1.8798366823573371 
2 0.03250856714827296 0.14624701198408727 
3 0.04264560876439653 -0.2578175215252414 
4 0.04800000000000001 1.503727803155358 
5 0.047999999999999994 1.7729172544646985 
6 0.027628841118778218 0.13211153351318258 
7 0.048 -0.9628405291728496 
8 0.04800000000000001 -1.1906224436665642 
9 0.04800000000000001 1.8553118294974869 
10 0.037391047185334036 -0.429341234805432 
11 0.03418226587343007 -0.18161206489388979 
12 0.030964077821463497 -0.050954182338168806 
13 0.04800000000000001 -1.686442846635366 
14 0.048 -0.5583589658075508 
15 0.03605218189740541 -0.36899936206554923 
16 0.04800000000000001 0.47226835919491633 
17 0.04800000000000001 -1.1741406369078338 
18 0.047999999999999994 -1.507540464308413 
19 0.048 2.163203098179689 
0 0.196 -1.346887520100567 
1 0.19600000000000004 1.8954854194673292 
2 0.12753449032718248 0.223303370797419 
3 0.17456330824467187 -0.3198938404785416 
4 0.196 1.4234841972931271 
5 0.19599999999999998 1.8063816209070591 
6 0.1109060262687765 0.17466629066495842 
7 0.196 -0.9177867789292752 
8 0.19599999999999998 -1.1228778059615212 
9 0.196 1.832708183307319 
10 0.14794390352459877 -0.3712091587296115 
11 0.13520644493996034 -0.1444592526899828 
12 0.124339829905808 -0.03239736598126027 
13 0.19600000000000004 -1.6529235854440492 
14 0.196 -0.4844672769631841 
15 0.14401497250337195 -0.33252389089236495 
16 0.196 0.539595135586742 
17 0.196 -1.1153671769975795 
18 0.19601341398199681 -1.5244993634593973 
19 0.196 2.2197777403041443 
0 0.192 -1.3034057674587993 
1 0.192 1.9027739752902963 
2 0.12074101885698695 0.29071708760188847 
3 0.16669962407079036 -0.3063358389974151 
4 0.19200000000000003 1.3973276269158361 
5 0.19199999999999998 1.8404273465964511 
6 0.10583759335787253 0.23598041472911227 
7 0.19199999999999998 -0.8760542865448108 
8 0.192 -1.0590197184701502 
9 0.192 1.8206287240981063 
10 0.1414053284639904 -0.32713330616889946 
11 0.1290323117076386 -0.11889688677510735 
12 0.11754092927269286 0.03130479553308937 
13 0.192 -1.6243636083814923 
14 0.19199999999999998 -0.4180710013415975 
15 0.13595754490765807 -0.26547767617683954 
16 0.192 0.6056107222429294 
17 0.22503430970445681 -2.408579646305102 
18 0.192 -1.5137039736637121 
19 0.19199999999999998 2.2814322185933134 
0 0.09199999999999998 -1.2996973944235555 
1 0.092 1.9048729761279393 
2 0.056425090508010166 0.3495628519482376 
3 0.07804716094914267 -0.29426271956404765 
4 0.092 1.366048000207239 
5 0.09199999999999998 1.8705813594969267 
6 0.0497208954761665 0.28626621667077284 
7 0.09200000000000001 -0.8394425953318793 
8 0.09200000000000001 -0.9983638814773531 
9 0.09050410014742252 1.7617732855080355 
10 0.06625473658403341 -0.28695528617319965 
11 0.060463488821734294 -0.09553681087365802 
12 0.054706701457073584 0.08526280856377444 
13 0.092 -1.5999982070746057 
14 0.09200000000000001 -0.35790466353328076 
15 0.06303669914427593 -0.20564164188039946 
16 0.092 0.6669346836657065 
17 0.10066396909632065 -2.245024329652854 
18 0.09200000000000001 -1.500829818660672 
19 0.08904789662663012 2.229369091752229 
0 0.11599999999999999 -1.2910794111231765 
1 0.116 1.9043144345226348 
2 0.06981978134897693 0.40272776735143295 
3 0.09634250074840194 -0.2832333216265259 
4 0.11600000000000002 1.3347967455263217 
5 0.116 1.9012053422451205 
6 0.06176956234902992 0.32722143215988697 
7 0.116 -0.8023078091384793 
8 0.11599999999999999 -1.9539066906717706 
9 0.11343616120319401 1.7151084225053712 
10 0.0818412921913311 -0.2501319416616103 
11 0.07480414792050635 -0.07412837530148982 
12 0.06738328382615294 0.13043876310522443 
13 0.116 -1.577995264187294 
14 0.11599999999999999 -0.30144584429211774 
15 0.07725622414804796 -0.153707143436797 
16 0.116 0.7248513398108796 
17 0.11897291855554126 -2.0961648471820653 
18 0.11599999999999999 -1.4900946203718715 
19 0.1067360946254613 2.1228310928195104 
0 0.04 -1.2835033510033609 
1 0.04 1.8995866053734758 
2 0.0237755706457644 0.4508360795297192 
3 0.03259296947730066 -0.2735956224170108 
4 0.04 1.299424503499467 
5 0.04 1.9291433796424746 
6 0.02106653580848302 0.36019824546129514 
7 0.04 -0.7691600434072906 
8 0.04 -1.928512123019484 
9 0.04 0.6394557561817358 
10 0.02769514442571881 -0.21613744967869283 
11 0.025385441500655564 -0.05428105403732797 
12 0.02280148830279753 0.1686177823951792 
13 0.04 -1.5636930159622076 
14 0.04 -0.24995561257197516 
15 0.0259920916803556 -0.10814354665868053 
16 0.03930607366936204 0.7348297274551823 
17 0.04 -2.0310133288765644 
18 0.04 -1.482577641190735 
19 0.03583934729610013 2.0665899951383953 
0 0.04 -1.273627914499168 
1 0.03997033286959951 1.8888405217151198 
2 0.023589148082711276 0.4960830898450776 
3 0.03203148912731618 -0.2644336221589377 
4 0.039999999999999994 1.2592340780777767 
5 0.04 1.954045911363968 
6 0.020893549717723555 0.38675377649485937 
7 0.04 -0.7406506487869575 
8 0.04 -1.8987017921698925 
9 0.055708059173978815 -0.4669823593510958 
10 0.027223374114312474 -0.185072302343856 
11 0.032218880477197114 -0.5105080247369718 
12 0.022478308819056925 0.19852053739763278 
13 0.04 -1.5529749830645247 
14 0.04 -0.20511756139658285 
15 0.025482612017232332 -0.07118105887240507 
16 0.03900204203971552 0.7348143597119016 
17 0.04 -2.0142769774156304 
18 0.04 -1.4787434393663739 
19 0.035351769435549366 2.035585257086303 
0 0.07599999999999998 -1.2729285001271737 
1 0.07500971835452586 1.845970146337579 
2 0.04455056401739685 0.5252874919686554 
3 0.05973891742352886 -0.2551369234428311 
4 0.076 1.2200689950925778 
5 0.076 1.9701170170385502 
6 0.03947591734737846 0.40598423420940355 
7 0.076 -0.7291788227031805 
8 0.076 -1.876184228987227 
9 0.0962273526810675 -0.4442611846976134 
10 0.051076269160630836 -0.16370743926746875 
11 0.0712205204203726 -0.8177884801281601 
12 0.04224149487077364 0.2222451280687745 
13 0.076 -1.5408843241603858 
14 0.076 -0.1762271201698821 
15 0.04763443746496898 -0.04046840075984711 
16 0.07420663975082982 0.7261590111657689 
17 0.076 -1.9949883964203694 
18 0.076 -1.4780418900372123 
19 0.06635143150524768 2.007940706976933 
0 0.072 -1.2717222848376186 
1 0.07078479505599387 1.8155028314707158 
2 0.04204093843122665 0.5511631933062544 
3 0.05568865928694664 -0.24854149895402025 
4 0.072 1.179935797854917 
5 0.072 1.9864539737574762 
6 0.03725193179222096 0.4201640051257807 
7 0.072 -0.7181897501618294 
8 0.072 -1.8508442299320178 
9 0.08267843761924516 -0.42378988532235784 
10 0.047615654110623684 -0.1339634911703335 
11 0.07108938615730671 -0.9324569640228413 
12 0.03967052241661152 0.2415916473819324 
13 0.072 -1.5275920646396408 
14 0.072 -0.14825597718242514 
15 0.04450522577488645 -0.014021048094548108 
16 0.07030293050811302 0.7154582813578737 
17 0.072 -1.9718183026658693 
18 0.07199999999999998 -1.4761837906187134 
19 0.062098438161328984 1.9798199550074183 
0 0.072 -1.2691992653320683 
1 0.07068011572023022 1.7879047492685691 
2 0.04194486916768512 0.5748956152198419 
3 0.054908703714784915 -0.24375457138682632 
4 0.072 1.1392347214192744 
5 0.072 2.0030501198193056 
6 0.037146631940162926 0.4308578470728919 
7 0.07200000000000001 -0.7062498141088897 
8 0.072 -1.8225210467179032 
9 0.0747910292988605 -0.40471623749550467 
10 0.04694501399549809 -0.10769619962843476 
11 0.072 -0.9673093248578191 
12 0.039394446477318025 0.2574741542386279 
13 0.07200000000000001 -1.5130893273728097 
14 0.072 -0.12086886723591099 
15 0.04397857313244615 0.00892065693124744 
16 0.07027654193281332 0.7032117848743559 
17 0.072 -1.944922960905167 
18 0.07199999999999998 -1.4731188075113693 
19 0.0613577887492166 1.9514071405610534 
0 0.047999999999999994 -1.2650650889800568 
1 0.047084632426648454 1.760615974725977 
2 0.027937753289441872 0.5970439548655865 
3 0.03615840237697198 -0.2404012340413797 
4 0.048 1.098130248561726 
5 0.04800000000000001 2.019890552403195 
6 0.024713243256818118 0.4389578164708671 
7 0.04800000000000001 -0.6937832154252542 
8 0.048 -1.7911505880093601 
9 0.04800000000000001 -0.412661569602023 
10 0.030904741980967272 -0.08424434789033268 
11 0.048 -0.988180193152962 
12 0.026116221474017595 0.27055517578273075 
13 0.048 -1.4977547914652523 
14 0.04800000000000001 -0.09422677883132528 
15 0.029020650778579713 0.028890143179199173 
16 0.04683012138317932 0.6896885400962973 
17 0.047999999999999994 -1.935282627212526 
18 0.048 -1.469090846821077 
19 0.04042179195630566 1.922456565595026 
0 0.07600000000000001 -1.2515429810522642 
1 0.0745212776401546 1.7329613879955073 
2 0.044243166352703055 0.6180343198689818 
3 0.05664306569222992 -0.23803016463106716 
4 0.07599999999999998 1.0563185630432879 
5 0.076 2.0368033147441977 
6 0.03906925143833212 0.4451056723076088 
7 0.076 -0.6809515327226033 
8 0.076 -1.756909338159488 
9 0.076 -0.43685959459493234 
10 0.04830482800306139 -0.05903631697617603 
11 0.076 -1.0075971948147946 
12 0.0411655780638572 0.2813138770964217 
13 0.076 -1.4818435390993692 
14 0.07599999999999998 -0.06818482766708778 
15 0.04554969652651588 0.0461820527405172 
16 0.07411658940596196 0.6751546120228631 
17 0.076 -1.9235857623897903 
18 0.076 -1.4642105958014033 
19 0.0633539956349267 1.895923149223165 
0 0.10800000000000001 -1.2195502936106943 
1 0.10558415565568917 1.6940490549560494 
2 0.06318493628979899 0.6502932968644205 
3 0.08069448210843218 -0.2552014760949951 
4 0.108 0.9967694620259038 
5 0.10800000000000001 2.058303677658682 
6 0.05560447483960005 0.43885547468196123 
7 0.108 -0.6573491596912955 
8 0.108 -1.7062055454491831 
9 0.108 -0.4652207818598619 
10 0.06809984460045743 -0.04355591441598805 
11 0.10800000000000001 -1.0330133636804917 
12 0.05855096080402302 0.27752654890169715 
13 0.108 -1.4583919799127418 
14 0.108 -0.02499172405203683 
15 0.0642458070789068 0.061220812795727185 
16 0.10457547818390067 0.6611774695629329 
17 0.108 -1.9003104404022706 
18 0.108 -1.452115513547617 
19 0.08938517797495253 1.8678426644543678 
0 0.044 -1.1867353805209286 
1 0.04297865201955281 1.6568796081280144 
2 0.02593095099242293 0.6814744731809093 
3 0.03298959340054526 -0.27252308216068394 
4 0.044 0.936054957689024 
5 0.04399999999999999 2.0794380777403436 
6 0.022682986585704046 0.4335536921659861 
7 0.044 -0.6339983963608273 
8 0.04399999999999999 -1.6515345458246324 
9 0.044 -0.49336653064174624 
10 0.02755857216820432 -0.030216872593710902 
11 0.044 -1.0564835121208842 
12 0.023875880982122274 0.27414545956787184 
13 0.044 -1.4344274199633993 
14 0.044000000000000004 0.016604962909185783 
15 0.02600460693911104 0.07447515502393272 
16 0.042489353298992484 0.6458928685924716 
17 0.044 -1.8739205666041112 
18 0.044 -1.4395177026463555 
19 0.035999832953110926 1.828673149895651 
0 0.1 -1.1528802727475387 
1 0.09764812829889469 1.6191046571152563 
2 0.05942251277882353 0.7113299233486085 
3 0.07528553237277673 -0.2896033906290974 
4 0.1 0.874458588248198 
5 0.1 2.100183550754546 
6 0.05161065999001126 0.42888479154952336 
7 0.1 -0.610975998444741 
8 0.1 -1.5934283335493127 
9 0.1 -0.5210867806309961 
10 0.06227756600061074 -0.01871083566084264 
11 0.1 -1.0781964403629625 
12 0.05431479509772858 0.270992517149135 
13 0.10000000000000002 -1.4099836791856875 
14 0.1 0.05721368721123706 
15 0.05877935001361716 0.08577212119136342 
16 0.1 0.22235806257233057 
17 0.1 -1.845306432032732 
18 0.1 -1.4286356361697148 
19 0.08110119349223785 1.7918832049700752 
0 0.04 -1.1199153831583608 
1 0.039068984247379354 1.5814002362115829 
2 0.02400826400155945 0.7403284626745794 
3 0.030254374853531853 -0.3068645384753338 
4 0.04 0.811291407392054 
5 0.04 2.1192262610667663 
6 0.020665745928540622 0.4247112407724865 
7 0.04 -0.5902810260653347 
8 0.039999999999999994 -1.5342668240352761 
9 0.04 -0.5494848898284007 
10 0.024793345027024627 -0.009076993049621396 
11 0.04 -1.1000631148191184 
12 0.02174661501630044 0.2679357798064927 
13 0.04 -1.386863291530293 
14 0.04 0.09452858270597542 
15 0.023403197073456224 0.09538665135253503 
16 0.04 -0.2635476417547573 
17 0.04 -1.8154721827853741 
18 0.04 -1.4193728057559019 
19 0.032079911756331535 1.7478715143862988 
0 0.036000000000000004 -1.0890394307633569 
1 0.0351809308317254 1.542817116395914 
2 0.02184327264436473 0.768032115406808 
3 0.02736938231241402 -0.3239574701255655 
4 0.036 0.7461978998784664 
5 0.036 2.13682983637552 
6 0.01861738390160191 0.4207647015710374 
7 0.036 -0.5719742273300054 
8 0.036 -1.4746365563928892 
9 0.036 -0.5783584825386728 
10 0.022228188598410237 -0.0010438371949167042 
11 0.036 -1.1224288917108984 
12 0.019593106124357954 0.26474261494634727 
13 0.036 -1.365547550228862 
14 0.036 0.12813896901987679 
15 0.020986194383697292 0.1030478326918665 
16 0.03644282733312617 -0.695616237059618 
17 0.036 -1.7849568266009037 
18 0.036000000000000004 -1.4113093273443493 
19 0.02863667582818631 1.7057549277791093 